scene001 21 (772,676,3)
scene003 21 (772,676,3)
scene004 21 (772,676,3)
scene005 21 (772,676,3)
scene007 21 (772,676,3)
scene008 21 (772,676,3)
scene009 21 (772,676,3)
scene010 21 (772,676,3)
scene012 21 (772,676,3)
scene013 21 (772,676,3)
scene014 21 (772,676,3)
scene016 21 (772,676,3)
scene018 21 (772,676,3)
scene019 21 (772,676,3)
scene020 21 (772,676,3)
scene021 21 (772,676,3)
scene022 21 (772,676,3)
scene023 21 (772,676,3)
scene025 21 (772,676,3)
scene026 21 (772,676,3)
scene027 21 (772,676,3)
scene028 21 (772,676,3)
scene029 21 (772,676,3)
scene030 21 (772,676,3)
scene031 21 (772,676,3)
scene032 21 (772,676,3)
scene033 21 (772,676,3)
scene034 21 (772,676,3)
scene035 21 (772,676,3)
scene036 21 (772,676,3)
scene037 21 (772,676,3)
scene038 21 (772,676,3)
scene039 21 (772,676,3)
scene040 21 (772,676,3)
scene041 21 (772,676,3)
scene042 21 (772,676,3)
scene043 21 (772,676,3)
scene045 21 (772,676,3)
scene046 21 (772,676,3)
scene048 19 (772,676,3)
scene049 20 (772,676,3)
scene051 21 (772,676,3)
scene052 19 (772,676,3)
scene053 20 (772,676,3)
scene054 21 (772,676,3)
scene055 21 (772,676,3)
scene057 21 (772,676,3)
scene058 21 (772,676,3)
scene060 21 (772,676,3)
scene061 21 (772,676,3)
scene062 20 (772,676,3)
scene063 20 (772,676,3)
scene064 21 (772,676,3)
scene065 21 (772,676,3)
scene066 21 (772,676,3)
scene067 21 (772,676,3)
scene068 21 (772,676,3)
scene069 20 (772,676,3)
scene070 21 (772,676,3)
scene072 21 (772,676,3)
scene073 21 (772,676,3)
scene074 21 (772,676,3)
scene076 21 (772,676,3)
scene077 21 (772,676,3)
scene078 17 (772,676,3)
scene079 20 (772,676,3)
scene080 21 (772,676,3)
scene081 21 (772,676,3)
scene082 21 (772,676,3)
scene083 21 (772,676,3)
scene084 21 (772,676,3)
scene086 21 (772,676,3)
scene087 21 (772,676,3)
scene088 21 (772,676,3)
scene089 21 (772,676,3)
scene090 21 (772,676,3)
scene091 21 (772,676,3)
scene092 21 (772,676,3)
scene093 21 (772,676,3)
scene095 21 (772,676,3)
scene096 21 (772,676,3)
scene098 21 (772,676,3)
scene099 21 (772,676,3)
scene102 20 (772,676,3)
scene104 21 (772,676,3)
scene106 21 (772,676,3)
scene109 19 (772,676,3)
scene110 21 (772,676,3)
scene111 21 (772,676,3)
scene113 21 (772,676,3)
scene114 21 (772,676,3)
scene115 20 (772,676,3)
scene116 21 (772,676,3)
scene117 21 (772,676,3)
scene119 21 (772,676,3)
scene123 21 (772,676,3)
scene124 21 (772,676,3)
scene126 15 (772,676,3)
scene127 21 (772,676,3)
scene128 21 (772,676,3)
scene131 20 (772,676,3)
scene132 21 (772,676,3)
scene133 20 (772,676,3)
scene134 21 (772,676,3)
scene135 19 (772,676,3)
scene136 21 (772,676,3)
scene137 21 (772,676,3)
scene138 21 (772,676,3)
scene139 21 (772,676,3)
scene140 21 (772,676,3)
scene143 21 (772,676,3)
scene144 21 (772,676,3)
scene145 21 (772,676,3)
scene146 21 (772,676,3)
scene147 21 (772,676,3)
scene148 21 (772,676,3)
scene150 21 (772,676,3)
scene151 13 (772,676,3)
scene152 21 (772,676,3)
scene153 21 (772,676,3)
scene154 21 (772,676,3)
scene156 19 (772,676,3)
scene157 21 (772,676,3)
scene158 21 (772,676,3)
scene160 21 (772,676,3)
scene161 21 (772,676,3)
scene163 21 (772,676,3)
scene164 21 (772,676,3)
scene165 21 (772,676,3)
scene166 21 (772,676,3)
scene167 21 (772,676,3)
scene168 21 (772,676,3)
scene169 21 (772,676,3)
scene170 21 (772,676,3)
scene171 21 (772,676,3)
scene172 21 (772,676,3)
scene174 21 (772,676,3)
scene175 14 (772,676,3)
scene177 21 (772,676,3)
scene178 21 (772,676,3)
scene179 21 (772,676,3)
scene180 19 (772,676,3)
scene181 21 (772,676,3)
scene182 21 (772,676,3)
scene183 21 (772,676,3)
scene184 21 (772,676,3)
scene185 21 (772,676,3)
scene186 21 (772,676,3)
scene189 21 (772,676,3)
scene190 21 (772,676,3)
scene191 21 (772,676,3)
scene192 21 (772,676,3)
scene193 21 (772,676,3)
scene195 20 (772,676,3)
scene196 21 (772,676,3)
scene197 21 (772,676,3)
scene198 21 (772,676,3)
scene199 21 (772,676,3)
scene200 21 (772,676,3)
scene201 15 (772,676,3)
scene202 21 (772,676,3)
scene203 21 (772,676,3)
scene210 21 (772,676,3)
scene211 21 (772,676,3)
scene212 21 (772,676,3)
scene213 21 (772,676,3)
scene214 15 (772,676,3)
scene215 21 (772,676,3)
scene216 21 (772,676,3)
scene217 21 (772,676,3)
scene219 21 (772,676,3)
scene220 21 (772,676,3)
scene221 21 (772,676,3)
scene222 17 (772,676,3)
scene224 21 (772,676,3)
scene225 21 (772,676,3)
scene226 21 (772,676,3)
scene227 21 (772,676,3)
scene228 21 (772,676,3)
scene229 21 (772,676,3)
scene231 21 (772,676,3)
scene233 21 (772,676,3)
