001 100 (480,640,3)
002 100 (480,640,3)
004 100 (480,640,3)
005 100 (480,640,3)
007 100 (480,640,3)
008 100 (480,640,3)
009 100 (480,640,3)
010 100 (480,640,3)
012 100 (480,640,3)
013 100 (480,640,3)
021 100 (480,640,3)
023 100 (480,640,3)
024 100 (480,640,3)
026 100 (480,640,3)
030 100 (480,640,3)
031 100 (480,640,3)
035 100 (480,640,3)
038 100 (480,640,3)
040 100 (480,640,3)
041 100 (480,640,3)
045 100 (480,640,3)
047 100 (480,640,3)
048 100 (480,640,3)
049 100 (480,640,3)
050 100 (480,640,3)
052 100 (480,640,3)
053 100 (480,640,3)
055 100 (480,640,3)
056 100 (480,640,3)
060 100 (480,640,3)
061 100 (480,640,3)
062 100 (480,640,3)
069 100 (480,640,3)
070 100 (480,640,3)
071 100 (480,640,3)
073 100 (480,640,3)
074 100 (480,640,3)
075 100 (480,640,3)
078 100 (480,640,3)
080 100 (480,640,3)
082 100 (480,640,3)
083 100 (480,640,3)
086 100 (480,640,3)
089 100 (480,640,3)
090 100 (480,640,3)
091 100 (480,640,3)
094 100 (480,640,3)
095 100 (480,640,3)
098 100 (480,640,3)
099 100 (480,640,3)
101 100 (480,640,3)
102 100 (480,640,3)
105 100 (480,640,3)
106 100 (480,640,3)
109 100 (480,640,3)
112 100 (480,640,3)
114 100 (480,640,3)
116 100 (480,640,3)
117 100 (480,640,3)
118 100 (480,640,3)